4.863427 4.582429 1.000000 0.000000
6.434902 2.674000 1.000000 0.000000
5.263607 2.411548 1.000000 0.000000
5.975247 2.068642 1.000000 0.000000
6.746265 2.205035 1.000000 0.000000
4.327908 0.396458 1.000000 0.000000
1.594003 -1.520585 1.000000 0.000000
5.887578 0.651728 1.000000 0.000000
2.458928 -1.511551 1.000000 0.000000
5.933446 0.877271 1.000000 0.000000
5.704287 0.497351 1.000000 0.000000
5.595952 4.129541 1.000000 0.000000
4.145199 -0.113801 1.000000 0.000000
5.090665 0.119095 1.000000 0.000000
5.172442 1.473144 1.000000 0.000000
3.416406 -0.191992 1.000000 0.000000
4.448246 1.860652 1.000000 0.000000
6.544493 -2.303960 1.000000 0.000000
2.982572 -1.766809 1.000000 0.000000
7.336991 2.840332 1.000000 0.000000
5.297984 1.767683 1.000000 0.000000
5.735546 0.798092 1.000000 0.000000
6.662804 -0.001211 1.000000 0.000000
3.284016 -3.304337 1.000000 0.000000
4.905739 2.866868 1.000000 0.000000
8.817511 4.055404 1.000000 0.000000
4.146082 1.844434 1.000000 0.000000
3.585248 -1.104842 1.000000 0.000000
4.673624 2.949055 1.000000 0.000000
4.174618 -0.058134 1.000000 0.000000
4.143902 3.525030 1.000000 0.000000
5.915428 0.692820 1.000000 0.000000
5.680077 3.640282 1.000000 0.000000
3.898475 1.670637 1.000000 0.000000
3.321139 1.108085 1.000000 0.000000
6.875123 1.117939 1.000000 0.000000
6.842260 3.245478 1.000000 0.000000
2.993649 -0.226292 1.000000 0.000000
8.245731 4.935403 1.000000 0.000000
1.669748 -1.371307 1.000000 0.000000
1.262661 -4.808973 1.000000 0.000000
4.233283 3.503038 1.000000 0.000000
3.684262 0.060506 1.000000 0.000000
5.674525 3.303293 1.000000 0.000000
7.462508 3.959607 1.000000 0.000000
5.023890 1.760446 1.000000 0.000000
3.482285 0.461315 1.000000 0.000000
1.507083 -3.648912 1.000000 0.000000
5.973471 -0.607329 1.000000 0.000000
6.206187 2.237787 1.000000 0.000000
7.394899 1.354659 1.000000 0.000000
4.688513 1.179373 1.000000 0.000000
3.638067 -0.152983 1.000000 0.000000
1.977221 0.085071 1.000000 0.000000
6.062523 0.742790 1.000000 0.000000
4.306520 3.085120 1.000000 0.000000
7.389761 4.314474 1.000000 0.000000
5.761478 -0.344142 1.000000 0.000000
4.051347 -0.388677 1.000000 0.000000
7.554737 4.401737 1.000000 0.000000
6.844394 1.453175 1.000000 0.000000
4.793701 2.418607 1.000000 0.000000
2.983532 -0.109446 1.000000 0.000000
5.811557 -0.761718 1.000000 0.000000
6.067390 1.269076 1.000000 0.000000
4.596994 1.296205 1.000000 0.000000
4.125475 -0.849998 1.000000 0.000000
7.023336 4.307768 1.000000 0.000000
0.807043 -2.731013 1.000000 0.000000
5.923194 1.097406 1.000000 0.000000
5.939134 2.136036 1.000000 0.000000
3.004566 -1.393802 1.000000 0.000000
5.202223 -1.508633 1.000000 0.000000
7.239598 1.288730 1.000000 0.000000
3.612512 2.245756 1.000000 0.000000
4.244935 2.765884 1.000000 0.000000
5.939761 1.699726 1.000000 0.000000
4.241471 0.183714 1.000000 0.000000
5.834655 0.542945 1.000000 0.000000
6.820703 1.741848 1.000000 0.000000
4.000206 0.953452 1.000000 0.000000
4.079213 -0.761844 1.000000 0.000000
3.983263 -0.378931 1.000000 0.000000
6.397074 3.717181 1.000000 0.000000
2.975785 -1.293889 1.000000 0.000000
5.260103 1.916455 1.000000 0.000000
3.642534 1.292345 1.000000 0.000000
3.650707 -2.732201 1.000000 0.000000
2.497997 -1.173671 1.000000 0.000000
4.628340 1.450074 1.000000 0.000000
7.848791 3.854323 1.000000 0.000000
6.701371 1.442612 1.000000 0.000000
7.238535 0.743928 1.000000 0.000000
2.869797 -0.817460 1.000000 0.000000
4.156574 -0.986143 1.000000 0.000000
4.445902 1.343729 1.000000 0.000000
5.460883 -1.643498 1.000000 0.000000
5.856762 -0.147518 1.000000 0.000000
6.931780 2.007953 1.000000 0.000000
6.150481 -0.147060 1.000000 0.000000
6.126998 -0.005555 1.000000 1.000000
5.942558 -0.952954 1.000000 1.000000
9.585336 0.525601 1.000000 1.000000
6.669859 -0.603634 1.000000 1.000000
8.719828 -2.802795 1.000000 1.000000
9.126442 -0.097328 1.000000 1.000000
7.758818 1.465810 1.000000 1.000000
5.358517 -0.239896 1.000000 1.000000
8.165621 0.105142 1.000000 1.000000
7.011889 0.343412 1.000000 1.000000
4.846544 -2.401596 1.000000 1.000000
8.122649 0.035702 1.000000 1.000000
5.775079 -3.953551 1.000000 1.000000
4.980649 -1.551377 1.000000 1.000000
7.549104 0.327521 1.000000 1.000000
5.341129 -0.912806 1.000000 1.000000
6.023157 -4.204191 1.000000 1.000000
6.865280 -0.592368 1.000000 1.000000
7.389613 -1.388539 1.000000 1.000000
7.284611 -1.074043 1.000000 1.000000
4.041190 -3.089423 1.000000 1.000000
9.702359 0.585688 1.000000 1.000000
6.586368 -3.417607 1.000000 1.000000
9.205924 -0.329190 1.000000 1.000000
5.909305 -2.227005 1.000000 1.000000
6.836369 0.763444 1.000000 1.000000
8.262180 -1.642567 1.000000 1.000000
5.353978 -1.232627 1.000000 1.000000
7.282137 -2.090240 1.000000 1.000000
4.864427 -2.423840 1.000000 1.000000
9.066798 1.415380 1.000000 1.000000
9.026906 1.739369 1.000000 1.000000
7.397587 0.702263 1.000000 1.000000
4.156095 -1.225493 1.000000 1.000000
7.795688 0.726552 1.000000 1.000000
8.397130 -1.600288 1.000000 1.000000
6.874910 -3.152330 1.000000 1.000000
6.646043 -0.985226 1.000000 1.000000
6.533605 -1.684399 1.000000 1.000000
6.751052 -1.360569 1.000000 1.000000
6.935749 0.436793 1.000000 1.000000
6.279826 -0.379838 1.000000 1.000000
5.967207 -0.226994 1.000000 1.000000
4.221143 -4.462805 1.000000 1.000000
6.457878 -0.074593 1.000000 1.000000
7.040107 -1.381560 1.000000 1.000000
8.533618 0.418541 1.000000 1.000000
6.415892 -1.207229 1.000000 1.000000
7.845492 0.478376 1.000000 1.000000
6.965105 -1.987879 1.000000 1.000000
7.194094 -0.593220 1.000000 1.000000
6.978424 -1.295943 1.000000 1.000000
8.356908 2.206790 1.000000 1.000000
8.292099 0.844180 1.000000 1.000000
7.893154 -0.458660 1.000000 1.000000
4.775229 -2.825257 1.000000 1.000000
6.727949 -0.780861 1.000000 1.000000
3.133248 -2.897177 1.000000 1.000000
7.234948 -2.194420 1.000000 1.000000
8.692288 -1.328804 1.000000 1.000000
5.449676 -1.078148 1.000000 1.000000
5.409716 -1.650356 1.000000 1.000000
5.812423 0.168474 1.000000 1.000000
6.962059 1.447858 1.000000 1.000000
8.458339 1.255463 1.000000 1.000000
8.192040 0.265065 1.000000 1.000000
6.106966 -3.073205 1.000000 1.000000
8.499601 0.076239 1.000000 1.000000
5.849971 -0.882936 1.000000 1.000000
8.265054 2.719235 1.000000 1.000000
7.156228 -0.434466 1.000000 1.000000
5.697249 -0.673839 1.000000 1.000000
5.463531 -1.490092 1.000000 1.000000
7.082373 0.463908 1.000000 1.000000
3.815612 -4.275503 1.000000 1.000000
7.631295 -2.365206 1.000000 1.000000
7.211624 -2.627462 1.000000 1.000000
7.177111 -0.876009 1.000000 1.000000
7.841026 0.047214 1.000000 1.000000
10.507262 1.303750 1.000000 1.000000
7.901494 -1.553534 1.000000 1.000000
7.317718 -1.204873 1.000000 1.000000
7.050400 -2.765839 1.000000 1.000000
5.994531 -0.417850 1.000000 1.000000
6.196258 -1.798665 1.000000 1.000000
9.065749 -1.164738 1.000000 1.000000
8.011500 1.097815 1.000000 1.000000
6.643205 0.032933 1.000000 1.000000
6.560923 -0.654032 1.000000 1.000000
6.827839 -2.082256 1.000000 1.000000
6.896511 -1.579188 1.000000 1.000000
6.017898 -2.917165 1.000000 1.000000
5.260085 0.160979 1.000000 1.000000
9.643017 2.083089 1.000000 1.000000
8.788996 1.641672 1.000000 1.000000
6.434745 -0.930870 1.000000 1.000000
5.029585 -2.856524 1.000000 1.000000
6.495024 -2.284201 1.000000 1.000000
6.491727 -4.236143 1.000000 1.000000
6.865770 2.412707 1.000000 1.000000
